D2
027.56484727 119.40168304 317.925
027.56484727 119.40168304 317.920
027.56484727 119.40168304 317.923
027.56484727 119.40168304 317.931
027.56484727 119.40168304 317.925
D5
027.57391888 119.39107353 257.682
027.57391888 119.39107353 257.706
027.57391888 119.39107352 257.697
027.57391888 119.39107352 257.688
027.57391888 119.39107352 257.693
1
027.56409009 119.40017640 327.931
027.56409009 119.40017640 327.928
027.56409009 119.40017639 327.943
027.56409010 119.40017640 327.918
027.56409010 119.40017640 327.930
E10
027.59029499 119.37540075 190.280
027.59029499 119.37540076 190.278
027.59029499 119.37540076 190.268
027.59029499 119.37540074 190.405
027.59029499 119.37540075 190.308
E11
027.59038424 119.38045351 202.125
027.59038423 119.38045351 202.152
027.59038423 119.38045350 202.142
027.59038424 119.38045350 202.121
027.59038424 119.38045350 202.135
E12
027.58499162 119.38053495 205.775
027.58499162 119.38053496 205.759
027.58499163 119.38053495 205.766
027.58499163 119.38053495 205.775
027.58499162 119.38053495 205.769
E13
027.58426551 119.38061747 215.998
027.58426552 119.38061747 215.968
027.58426550 119.38061748 216.003
027.58426550 119.38061748 215.996
027.58426551 119.38061747 215.991
E2
027.56484940 119.40006253 312.164
027.56484941 119.40006253 312.182
027.56484940 119.40006253 312.192
027.56484940 119.40006252 312.194
027.56484940 119.40006253 312.183
E3
027.56538602 119.40016060 303.787
027.56538603 119.40016059 303.783
027.56538602 119.40016060 303.804
027.56538603 119.40016059 303.787
027.56538603 119.40016060 303.790
E4
027.58040846 119.38215851 223.323
027.58040846 119.38215851 223.304
027.58040846 119.38215851 223.323
027.58040846 119.38215852 223.329
027.58040846 119.38215851 223.320
E5
027.58145957 119.38089884 215.333
027.58145957 119.38089884 215.323
027.58145957 119.38089884 215.317
027.58145956 119.38089884 215.357
027.58145957 119.38089884 215.332
E6
027.59203871 119.37394522 180.220
027.59203871 119.37394523 180.238
027.59203871 119.37394523 180.208
027.59203872 119.37394523 180.263
027.59203871 119.37394523 180.232
E7
027.59292775 119.37449945 176.678
027.59292774 119.37449945 176.680
027.59292774 119.37449946 176.678
027.59292774 119.37449946 176.681
027.59292774 119.37449945 176.679
E8
027.59572205 119.37361284 176.136
027.59572205 119.37361284 176.109
027.59572205 119.37361286 176.144
027.59572206 119.37361283 176.108
027.59572205 119.37361284 176.124
E9
028.00112366 119.37306543 177.874
028.00112366 119.37306542 177.875
028.00112366 119.37306541 177.889
028.00112365 119.37306543 177.878
028.00112366 119.37306542 177.879
jnz
027.58421215 119.37480309 213.149
027.58421215 119.37480309 213.156
027.58421215 119.37480309 213.157
027.58421215 119.37480309 213.167
027.58421215 119.37480309 213.157
TP1
027.58401271 119.38055297 211.893
027.58401271 119.38055297 211.887
027.58401272 119.38055297 211.852
027.58401273 119.38055298 211.873
027.58401272 119.38055298 211.876
D2
027.56484727 119.40168304 317.925
027.56484727 119.40168304 317.920
027.56484727 119.40168304 317.923
027.56484727 119.40168304 317.931
027.56484727 119.40168304 317.925
D5
027.57391888 119.39107353 257.682
027.57391888 119.39107353 257.706
027.57391888 119.39107352 257.697
027.57391888 119.39107352 257.688
027.57391888 119.39107352 257.693
1
027.56409009 119.40017640 327.931
027.56409009 119.40017640 327.928
027.56409009 119.40017639 327.943
027.56409010 119.40017640 327.918
027.56409010 119.40017640 327.930
E10
027.59029499 119.37540075 190.280
027.59029499 119.37540076 190.278
027.59029499 119.37540076 190.268
027.59029499 119.37540074 190.405
027.59029499 119.37540075 190.308
E11
027.59038424 119.38045351 202.125
027.59038423 119.38045351 202.152
027.59038423 119.38045350 202.142
027.59038424 119.38045350 202.121
027.59038424 119.38045350 202.135
E12
027.58499162 119.38053495 205.775
027.58499162 119.38053496 205.759
027.58499163 119.38053495 205.766
027.58499163 119.38053495 205.775
027.58499162 119.38053495 205.769
E13
027.58426551 119.38061747 215.998
027.58426552 119.38061747 215.968
027.58426550 119.38061748 216.003
027.58426550 119.38061748 215.996
027.58426551 119.38061747 215.991
E2
027.56484940 119.40006253 312.164
027.56484941 119.40006253 312.182
027.56484940 119.40006253 312.192
027.56484940 119.40006252 312.194
027.56484940 119.40006253 312.183
E3
027.56538602 119.40016060 303.787
027.56538603 119.40016059 303.783
027.56538602 119.40016060 303.804
027.56538603 119.40016059 303.787
027.56538603 119.40016060 303.790
E4
027.58040846 119.38215851 223.323
027.58040846 119.38215851 223.304
027.58040846 119.38215851 223.323
027.58040846 119.38215852 223.329
027.58040846 119.38215851 223.320
E5
027.58145957 119.38089884 215.333
027.58145957 119.38089884 215.323
027.58145957 119.38089884 215.317
027.58145956 119.38089884 215.357
027.58145957 119.38089884 215.332
E6
027.59203871 119.37394522 180.220
027.59203871 119.37394523 180.238
027.59203871 119.37394523 180.208
027.59203872 119.37394523 180.263
027.59203871 119.37394523 180.232
E7
027.59292775 119.37449945 176.678
027.59292774 119.37449945 176.680
027.59292774 119.37449946 176.678
027.59292774 119.37449946 176.681
027.59292774 119.37449945 176.679
E8
027.59572205 119.37361284 176.136
027.59572205 119.37361284 176.109
027.59572205 119.37361286 176.144
027.59572206 119.37361283 176.108
027.59572205 119.37361284 176.124
E9
028.00112366 119.37306543 177.874
028.00112366 119.37306542 177.875
028.00112366 119.37306541 177.889
028.00112365 119.37306543 177.878
028.00112366 119.37306542 177.879
jnz
027.58421215 119.37480309 213.149
027.58421215 119.37480309 213.156
027.58421215 119.37480309 213.157
027.58421215 119.37480309 213.167
027.58421215 119.37480309 213.157
TP1
027.58401271 119.38055297 211.893
027.58401271 119.38055297 211.887
027.58401272 119.38055297 211.852
027.58401273 119.38055298 211.873
027.58401272 119.38055298 211.876
