E15
030.0540023562 120.4037874955 19.129
030.0540023561 120.4037874969 19.133
030.0540023606 120.4037874957 19.127
030.0540023613 120.4037874954 19.123
030.0540023585 120.4037874959 19.128
E16
030.0534995909 120.4052152764 18.977
030.0534995932 120.4052152757 18.973
030.0534995952 120.4052152758 18.980
030.0534995897 120.4052152720 18.968
030.0534995922 120.4052152750 18.974
E17
030.0524200439 120.4034917824 14.991
030.0524200297 120.4034917778 14.974
030.0524200400 120.4034917872 14.997
030.0524200381 120.4034917698 14.994
030.0524200379 120.4034917793 14.989
E18
030.0529127687 120.4022869376 17.117
030.0529127666 120.4022869379 17.120
030.0529127682 120.4022869340 17.121
030.0529127695 120.4022869336 17.113
030.0529127683 120.4022869358 17.118
E19
030.0519614828 120.4020506373 16.045
030.0519614828 120.4020506376 16.049
030.0519614835 120.4020506402 16.048
030.0519614804 120.4020506358 16.047
030.0519614824 120.4020506377 16.047
E20
030.0508928216 120.4019577841 15.614
030.0508928228 120.4019577797 15.614
030.0508928193 120.4019577862 15.616
030.0508928227 120.4019577795 15.611
030.0508928216 120.4019577824 15.614
E21-
030.0444995342 120.4015590531 16.765
030.0444995360 120.4015590513 16.787
030.0444995289 120.4015590569 16.776
030.0444995286 120.4015590532 16.767
030.0444995319 120.4015590536 16.774
E22
030.0442161291 120.4025810284 16.654
030.0442161316 120.4025810257 16.650
030.0442161298 120.4025810233 16.661
030.0442161343 120.4025810279 16.656
030.0442161312 120.4025810263 16.655
E23
030.0412128457 120.4027316244 17.629
030.0412128433 120.4027316268 17.619
030.0412128439 120.4027316275 17.616
030.0412128470 120.4027316267 17.615
030.0412128450 120.4027316263 17.620
E24
030.0417764439 120.4003759211 18.009
030.0417764441 120.4003759214 18.002
030.0417764474 120.4003759116 18.006
030.0417764511 120.4003759164 18.000
030.0417764466 120.4003759176 18.004
E25
030.0410334570 120.3949553152 17.028
030.0410334539 120.3949553135 17.027
030.0410334526 120.3949553176 17.023
030.0410334520 120.3949553174 17.028
030.0410334539 120.3949553159 17.026
E26
030.0358069870 120.3939839164 15.304
030.0358069896 120.3939839141 15.301
030.0358069861 120.3939839173 15.312
030.0358069908 120.3939839165 15.312
030.0358069884 120.3939839160 15.307
E27
030.0326541001 120.3939903430 16.941
030.0326540994 120.3939903420 16.931
030.0326541007 120.3939903412 16.938
030.0326540992 120.3939903409 16.937
030.0326540999 120.3939903418 16.937
E28
030.0332200726 120.3921247979 18.166
030.0332200722 120.3921247977 18.179
030.0332200739 120.3921247960 18.169
030.0332200687 120.3921247988 18.168
030.0332200718 120.3921247976 18.170
E29
030.0313919059 120.3908149985 18.748
030.0313919037 120.3908150008 18.739
030.0313919007 120.3908149999 18.742
030.0313919003 120.3908149994 18.730
030.0313919026 120.3908149997 18.740
E30
030.0306593062 120.3903863598 16.848
030.0306593077 120.3903863582 16.843
030.0306593119 120.3903863592 16.832
030.0306593049 120.3903863599 16.841
030.0306593077 120.3903863593 16.841
E31
030.0257355938 120.3857619610 18.269
030.0257355932 120.3857619607 18.271
030.0257355916 120.3857619654 18.268
030.0257355900 120.3857619651 18.269
030.0257355921 120.3857619630 18.269
E32
030.0259951457 120.3847576671 15.541
030.0259951388 120.3847576669 15.549
030.0259951488 120.3847576673 15.554
030.0259951478 120.3847576638 15.542
030.0259951453 120.3847576663 15.546
E33
030.0232448388 120.3854114685 15.282
030.0232448378 120.3854114676 15.286
030.0232448402 120.3854114707 15.293
030.0232448455 120.3854114649 15.280
030.0232448406 120.3854114679 15.285
E34
030.0235807100 120.3846329059 14.960
030.0235807104 120.3846329067 14.965
030.0235807118 120.3846329079 14.952
030.0235807037 120.3846329048 14.963
030.0235807090 120.3846329063 14.960
E35
030.0218155938 120.3829666854 16.620
030.0218155965 120.3829666860 16.622
030.0218155916 120.3829666821 16.615
030.0218155912 120.3829666876 16.607
030.0218155933 120.3829666853 16.616
E36
030.0212106645 120.3837962770 16.502
030.0212106627 120.3837962785 16.512
030.0212106631 120.3837962793 16.501
030.0212106622 120.3837962772 16.504
030.0212106631 120.3837962780 16.505
E37
030.0223832035 120.3755291025 16.721
030.0223832040 120.3755291030 16.727
030.0223832042 120.3755291005 16.720
030.0223832013 120.3755291072 16.715
030.0223832033 120.3755291033 16.721
E38
030.0218501064 120.3811149757 15.957
030.0218501082 120.3811149760 15.954
030.0218501047 120.3811149808 15.980
030.0218501073 120.3811149710 15.988
030.0218501067 120.3811149759 15.970
E39
030.0239432926 120.3827212263 17.265
030.0239432940 120.3827212292 17.264
030.0239432922 120.3827212246 17.259
030.0239432956 120.3827212236 17.261
030.0239432936 120.3827212259 17.262
E40
030.0252006570 120.3832589218 15.287
030.0252006585 120.3832589265 15.288
030.0252006592 120.3832589235 15.289
030.0252006602 120.3832589218 15.298
030.0252006587 120.3832589234 15.290
E41
030.0304623427 120.3827402796 16.188
030.0304623427 120.3827402860 16.191
030.0304623381 120.3827402824 16.177
030.0304623428 120.3827402775 16.181
030.0304623416 120.3827402814 16.184
E42
030.0305831941 120.3816509555 17.555
030.0305831928 120.3816509534 17.554
030.0305831955 120.3816509587 17.557
030.0305831961 120.3816509589 17.555
030.0305831946 120.3816509566 17.555
E43
030.0307360086 120.3752967143 17.024
030.0307360083 120.3752967172 17.025
030.0307360069 120.3752967133 17.029
030.0307360168 120.3752967098 17.032
030.0307360102 120.3752967136 17.027
E44
030.0307259310 120.3740781287 15.487
030.0307259257 120.3740781261 15.498
030.0307259377 120.3740781372 15.486
030.0307259251 120.3740781356 15.483
030.0307259299 120.3740781319 15.488
E45
030.0321254470 120.3743263686 18.295
030.0321254473 120.3743263712 18.298
030.0321254428 120.3743263694 18.301
030.0321254448 120.3743263649 18.299
030.0321254455 120.3743263685 18.298
E46
030.0323066495 120.3731919765 15.685
030.0323066509 120.3731919774 15.688
030.0323066516 120.3731919762 15.685
030.0323066525 120.3731919786 15.683
030.0323066511 120.3731919772 15.685
E47
030.0346908569 120.3857108402 18.974
030.0346908586 120.3857108370 18.984
030.0346908599 120.3857108407 18.981
030.0346908598 120.3857108413 18.982
030.0346908588 120.3857108398 18.980
E48
030.0351253094 120.3841734386 17.157
030.0351253084 120.3841734372 17.158
030.0351253080 120.3841734405 17.162
030.0351253083 120.3841734409 17.162
030.0351253085 120.3841734393 17.160
E49.
030.0349802137 120.3823200122 18.106
030.0349802127 120.3823200124 18.092
030.0349802120 120.3823200103 18.090
030.0349802149 120.3823200147 18.085
030.0349802133 120.3823200124 18.093
E50
030.0353434165 120.3810699169 15.505
030.0353434177 120.3810699147 15.525
030.0353434189 120.3810699142 15.534
030.0353434126 120.3810699121 15.514
030.0353434165 120.3810699145 15.519
E51
030.0359307584 120.3741183095 17.463
030.0359307600 120.3741183066 17.461
030.0359307619 120.3741183113 17.468
030.0359307639 120.3741183096 17.461
030.0359307610 120.3741183093 17.463
E52
030.0359799787 120.3729979863 15.240
030.0359799828 120.3729979889 15.242
030.0359799846 120.3729979806 15.248
030.0359799859 120.3729979878 15.243
030.0359799830 120.3729979859 15.243
E53
030.0348141513 120.3724946814 18.663
030.0348141528 120.3724946821 18.659
030.0348141514 120.3724946759 18.658
030.0348141568 120.3724946809 18.662
030.0348141531 120.3724946801 18.660
E54
030.0339477946 120.3722516348 19.254
030.0339477968 120.3722516334 19.258
030.0339477909 120.3722516360 19.255
030.0339477951 120.3722516316 19.263
030.0339477943 120.3722516339 19.257
E55
030.0350646591 120.3658520943 17.992
030.0350646542 120.3658520864 18.003
030.0350646601 120.3658520976 17.992
030.0350646588 120.3658520987 17.992
030.0350646581 120.3658520942 17.995
E56
030.0333884344 120.3659574552 15.800
030.0333884322 120.3659574533 15.813
030.0333884280 120.3659574683 15.827
030.0333884351 120.3659574688 15.809
030.0333884324 120.3659574614 15.812
E57
030.0330814210 120.3807179624 15.229
030.0330814183 120.3807179598 15.225
030.0330814203 120.3807179644 15.233
030.0330814240 120.3807179572 15.245
030.0330814209 120.3807179609 15.233
E58
030.0341196727 120.3806830390 17.554
030.0341196729 120.3806830362 17.553
030.0341196714 120.3806830404 17.541
030.0341196675 120.3806830344 17.549
030.0341196711 120.3806830375 17.549
E59
030.0402228475 120.3628273985 15.347
030.0402228463 120.3628274005 15.342
030.0402228419 120.3628273973 15.344
030.0402228516 120.3628273930 15.327
030.0402228468 120.3628273973 15.340
E60
030.0402784900 120.3617941932 17.696
030.0402784873 120.3617941937 17.690
030.0402784912 120.3617942024 17.696
030.0402784928 120.3617942032 17.698
030.0402784903 120.3617941981 17.695
E61
030.0355978886 120.3547208571 19.491
030.0355978858 120.3547208562 19.501
030.0355978869 120.3547208557 19.483
030.0355978896 120.3547208611 19.503
030.0355978877 120.3547208575 19.494
E62
030.0402392060 120.3548473696 16.546
030.0402392049 120.3548473719 16.532
030.0402392039 120.3548473725 16.541
030.0402392002 120.3548473684 16.536
030.0402392038 120.3548473706 16.539
E63
030.0404871387 120.3525596335 22.954
030.0404871392 120.3525596328 22.950
030.0404871338 120.3525596349 22.951
030.0404871337 120.3525596326 22.952
030.0404871363 120.3525596335 22.952
E64
030.0405438799 120.3510526548 15.050
030.0405438854 120.3510526560 15.061
030.0405438828 120.3510526506 15.056
030.0405438788 120.3510526523 15.048
030.0405438817 120.3510526534 15.054
SXZ
030.0024688872 120.3453104413 112.723
030.0024688827 120.3453104399 112.728
030.0024688840 120.3453104441 112.725
030.0024688837 120.3453104317 112.729
030.0024688844 120.3453104392 112.726
